11566
80659
38927
89952
42402
91883
77023
54096
88952
19517
15842
64156
97087
39154
91936
52146
74443
85522
64482
46339
87996
96431
87118
70910
41045
93704
4444
60365
49279
38707
10681
45613
57248
26112
56516
99162
95360
30733
99265
37955
84584
51684
80540
90762
79023
22232
53969
35398
27924
66609
63668
27584
28833
33053
49339
10730
81490
47816
60297
49872
46677
83143
30044
52840
66224
60618
44907
75099
44202
50693
90942
19038
95095
21992
96354
94484
26120
48261
11069
50801
14331
99297
33596
47894
34008
42514
14859
27223
83050
41110
89184
77786
59112
42894
33312
83458
71054
74925
42146
38466
67380
14607
28416
43504
84531
25700
60831
47873
62285
37842
52625
66480
72735
60039
26440
16202
78191
25946
93281
43174
22099
31132
80011
57481
27861
26098
56655
95778
74543
33776
46604
64446
51015
64242
97880
15685
49954
68005
94290
19842
43503
32147
41531
22418
68413
67089
40328
93260
48490
77472
31191
79335
63948
78909
40695
37086
73544
33337
97633
67523
70536
97041
55735
10600
12050
61553
51336
48721
33535
20121
87788
87308
18716
62604
87868
40642
95562
53245
76988
61700
32294
56990
11578
86155
20565
34815
94225
77571
71033
72433
94142
29279
94978
31358
60769
62311
80699
48982
13477
61093
65591
15060
70062
57845
19107
68697
50973
87275
32383
63642
59037
73839
10724
39633
42461
72439
11111
60260
63408
88839
97576
57889
51009
70358
93060
69980
24433
92707
98000
53387
95359
93997
77167
64108
94391
73181
95815
23765
14479
89769
58652
54522
23699
54202
19028
91814
13914
83700
25564
41151
78115
76945
42616
21381
20848
29756
54964
46038
73581
21717
14337
84761
83474
93798
57301
26393
95198
13241
59884
98245
62148
95652
68088
38424
70037
88384
61899
73294
39116
99326
98199
87856
68169
21931
76082
46981
56118
69897
66102
68118
67613
49711
98944
98887
12346
96393
13097
28097
22390
85780
74590
44347
83056
30869
85268
30807
78625
77041
35975
10805
91193
92348
45778
17636
14332
50414
20999
12801
13044
84252
96964
43936
86068
65642
11309
36306
46460
94402
98563
52281
20180
41299
34749
39032
83481
40079
41089
91742
81208
72003
63006
43861
86150
24416
64067
30476
94979
53580
49630
35550
85557
50346
75510
65669
50699
75262
43692
98743
19472
35432
30748
14455
30050
33085
55010
85062
18805
67861
84686
85117
88008
59499
62037
46786
41409
46414
83066
33640
50706
74478
64883
38353
40498
99177
49807
96176
22884
88703
54935
90319
42691
50221
93821
30260
38164
29744
59617
66062
42232
10102
11309
70889
55306
28702
45646
32794
94773
95740
58187
42943
15143
69668
92572
54580
47003
27817
12705
41929
71091
73857
82330
70253
85727
45273
89917
75548
89656
34412
11062
28563
24316
38917
60545
96831
90668
29964
17129
29802
46735
59869
71083
49762
71329
16715
69523
50834
14845
75210
80462
92475
43904
51679
22996
84023
26328
45356
80502
66487
95035
53918
13312
18080
79919
89171
75416
41034
54323
51824
80430
20009
41517
40801
42228
54470
41309
86605
41506
72815
50234
55738
44824
48903
14223
80416
76435
48980
50764
72567
86532
51896
74599
76871
18977
70982
19964
36728
29271
46159
24399
63499
13472
52859
46261
71692
63150
10945
54060
33474
62536
15762
35503
92489
63930
45107
41095
82273
40554
12293
11766
28436
99666
18130
68343
57878
64844
23348
16059
65500
62659
10605
77523
82168
13246
87783
62677
17410
27222
76280
53037
57744
86768
21711
86756
43256
49358
26124
38903
22549
37983
57833
57791
12746
93081
98566
71078
52792
28009
86874
26535
33944
41331
91509
93650
78393
64769
76418
65691
22178
59192
87858
57066
36447
52192
65791
72968
40108
96717
15712
44283
23541
12301
97065
15654
44289
89897
45422
52099
96616
45274
55262
15966
79388
40984
35348
17141
23145
65108
44452
21394
50770
12857
11874
81995
68184
47170
16169
66627
97003
27267
14245
93961
88548
98198
14060
68824
64067
66771
61428
42692
98765
55555
43751
52470
33777
32951
38176
33658
60164
59473
85549
92412
11397
23009
76456
13872
95702
64559
43222
66936
98951
30345
68240
10633
64167
75684
29461
28706
96849
99698
44378
63704
18472
66395
15888
41872
18051
52798
28833
45296
53273
27171
21153
88035
99679
79585
28292
98838
41545
92866
46773
27332
11819
48723
40592
32883
55910
42081
68152
47564
19851
75597
12492
92600
82999
32200
28746
11581
36618
47574
47099
49987
89998
88414
63042
90796
13199
40569
27296
85749
40378
33422
34047
53462
89351
45604
73256
53628
80858
18107
23950
99739
73894
93031
61973
86487
15109
57641
28525
29270
96326
89984
85616
96918
65851
79634
94105
82385
95584
31340
44031
42106
33753
78935
91851
75350
88700
84971
48755
68038
84549
30583
92870
14394
49039
58607
49855
27403
33054
20575
41046
31793
53346
94882
73910
44473
55741
30330
52148
93701
69840
93309
73091
97668
58123
29197
75586
71334
15054
12162
81801
54750
20401
19137
14693
73703
77287
51103
39255
58769
84480
17722
80903
26527
33283
12306
95321
97418
72614
27189
43575
91096
52931
61714
99779
71464
91264
58689
88455
56382
93304
44243
62788
11104
20891
22341
17602
20706
10768
20875
19999
31116
57782
96046
68806
21566
55964
98339
81610
47158
29739
73447
61188
80417
76242
52210
61813
58191
54072
14768
43071
47294
79547
63587
34131
96766
97085
41689
27677
13914
70076
33976
51561
60520
40905
95021
66701
20247
46737
23703
83720
75117
95428
86672
18737
10331
51116
85319
35352
85787
13344
37203
52768
53265
86875
23195
14887
73552
85158
93323
83516
25793
48099
39082
79429
17720
49100
21915
81467
96922
49616
37947
12489
90598
56392
28877
62848
84232
73728
22898
62513
54690
34577
32084
89850
93953
19715
28842
34759
49772
17226
49192
78013
42300
12547
96637
48357
19427
87481
29863
61464
97062
33944
66118
11635
81452
92688
97774
93944
88559
32353
38982
44480
38824
95876
41859
70174
91950
34681
26831
10127
19681
23369
24509
50655
88043
84051
80496
32313
51089
56930
79275
71911
29570
77834
81885
73712
57733
61916
22150
33502
73506
19819
62891
31293
22500
36314
35741
24720
22244
15263
52089
21774
68212
52264
38795
35445
80525
18396
87705
49696
49777
20672
99300
19318
93597
66767
63124
70840
81464
32872
43658
15866
90373
22222
29657
39589
59699
34969
30751
52715
34401
25169
12439
96812
43535
76396
12458
27373
36923
89420